0
1

1
1

2
0

3
0

4
0

5
0

6
0

7
1

8
1

9
0

10
0

11
0

12
1

13
1

14
1

15
1

16
1

17
0

18
0

19
0

20
0

21
1

22
1

23
0

24
1

25
0

26
1

27
0

28
1

29
0

30
0

31
1

32
0

33
1

34
1

35
0

36
0

37
0

38
0

39
1

40
1

41
1

42
0

43
1

44
1

45
1

46
0

47
1

48
1

49
0

50
0

51
1

52
1

53
0

54
1

55
0

56
0

57
1

58
1

59
1

60
0

61
0

62
0

63
1

64
0

65
1

66
1

67
0

68
1

69
0

70
0

71
1

72
1

73
0

74
1

75
1

76
1

77
0

78
1

79
1

80
1

81
0

82
1

83
1

84
1

85
1

86
0

87
1

88
1

89
1

90
0

91
1

92
1

93
1

94
0

95
0

96
0

97
0

98
0

99
1

100
1

101
0

102
0

103
0

104
1

105
0

106
0

107
0

108
1

109
1

110
1

111
1

112
1

113
1

114
0

115
0

116
0

117
1

118
0

119
1

120
0

121
0

122
0

123
0

124
0

125
1

126
0

127
0

128
0

129
0

130
0

131
1

132
0

133
0

134
1

135
1

136
0

137
0

138
0

139
0

140
0

141
1

142
1

143
1

144
1

145
0

146
1

147
1

148
0

149
1

150
0

151
1

152
0

153
1

154
0

155
0

156
1

157
1

158
1

159
1

160
0

161
0

162
1

163
1

164
0

165
0

166
1

167
0

168
0

169
0

170
0

171
1

172
0

173
1

174
0

175
1

176
1

177
0

178
1

179
1

180
1

181
0

182
1

183
1

184
0

185
1

186
0

187
1

188
0

189
1

190
0

191
0

192
0

193
1

194
1

195
1

196
1

197
0

198
1

199
0

200
0

201
1

202
0

203
0

204
0

205
1

206
0

207
1

208
1

209
0

210
0

211
1

212
1

213
1

214
1

215
1

216
0

217
1

218
1

219
0

220
1

221
1

222
1

223
0

224
0

225
0

226
1

227
0

228
0

229
0

230
1

231
1

232
1

233
0

234
1

235
1

236
0

237
1

238
1

239
1

240
1

241
0

242
1

243
0

244
1

245
0

246
1

247
1

248
0

249
1

250
0

251
0

252
0

253
1

254
1

255
1

256
1

257
1

258
1

259
1

260
1

261
1

262
1

263
1

264
1

265
1

266
0

267
1

268
1

269
1

270
0

271
1

272
0

273
1

274
1

275
1

276
0

277
1

278
0

279
0

280
0

281
1

282
0

283
0

284
0

285
0

286
0

287
1

288
0

289
0

290
0

291
0

292
1

293
1

294
0

295
0

296
1

297
0

298
0

299
1

300
0

301
0

302
1

303
1

304
0

305
1

306
0

307
0

308
1

309
0

310
0

311
0

312
0

313
0

314
0

315
0

316
1

317
1

318
1

319
0

320
1

321
1

322
0

323
1

324
1

325
1

326
0

327
0

328
1

329
1

330
1

331
1

332
0

333
0

334
0

335
0

336
1

337
1

338
0

339
0

340
1

341
1

342
0

343
1

344
1

345
1

346
1

347
1

348
1

349
0

350
0

351
0

352
1

353
1

354
1

355
1

356
1

357
1

358
1

359
0

360
0

361
0

362
1

363
1

364
0

365
1

366
0

367
0

368
0

369
0

370
0

371
1

372
1

373
0

374
1

375
1

376
0

377
0

378
0

379
0

380
0

381
1

382
1

383
0

384
1

385
1

386
0

387
1

388
0

389
0

390
1

391
1

392
1

393
1

394
1

395
0

396
0

397
1

398
1

399
1

400
1

401
0

402
1

403
1

404
1

405
1

406
1

407
0

408
0

409
0

410
0

411
0

412
0

413
1

414
0

415
1

416
1

417
1

418
1

419
0

420
1

421
0

422
0

423
0

424
1

425
1

426
1

427
1

428
1

429
1

430
0

431
1

432
0

433
1

434
0

435
0

436
1

437
0

438
0

439
0

440
0

441
1

442
1

443
0

444
1

445
0

446
1

447
0

448
0

449
0

450
1

451
0

452
0

453
1

454
1

455
0

456
1

457
1

458
0

459
1

460
1

461
1

462
0

463
0

464
0

465
0

466
0

467
0

468
0

469
0

470
0

471
1

472
0

473
0

474
1

475
1

476
1

477
1

478
0

479
1

480
1

481
1

482
0

483
0

484
1

485
0

486
0

487
1

488
0

489
1

490
1

491
0

492
0

493
1

494
1

495
0

496
0

497
1

498
1

499
0

500
0

501
0

502
0

503
1

504
0

505
1

506
1

507
1

508
1

509
1

510
0

511
0

512
1

513
0

514
0

515
1

516
0

517
0

518
1

519
1

520
0

521
0

522
0

523
1

524
0

525
1

526
1

527
1

528
1

529
0

530
1

531
0

532
1

533
0

534
1

535
0

536
0

537
1

538
1

539
0

540
0

541
0

542
1

543
0

544
0

545
0

546
0

547
1

548
1

549
0

550
1

551
1

552
0

553
0

554
1

555
0

556
1

557
1

558
0

559
1

560
0

561
0

562
0

563
1

564
0

565
0

566
0

567
1

568
0

569
1

570
1

571
0

572
1

573
0

574
0

575
0

576
0

577
0

578
0

579
0

580
1

581
1

582
1

583
1

584
1

585
0

586
0

587
0

588
1

589
0

590
1

591
0

592
1

593
1

594
0

595
1

596
0

597
0

598
0

599
1

600
1

601
0

602
1

603
0

604
0

605
1

606
0

607
0

608
1

609
0

610
1

611
0

612
0

613
1

614
0

615
1

616
1

617
0

618
1

619
0

620
1

621
0

622
1

623
0

624
0

625
0

626
0

627
0

628
0

629
0

630
0

631
0

632
0

633
1

634
1

635
0

636
0

637
1

638
0

639
1

640
0

641
0

642
0

643
0

644
1

645
1

646
0

647
0

648
1

649
0

650
0

651
0

652
0

653
0

654
0

655
1

656
1

657
0

658
1

659
0

660
0

661
1

662
1

663
0

664
0

665
1

666
1

667
1

668
0

669
0

670
0

671
1

672
1

673
1

674
1

675
1

676
1

677
1

678
0

679
0

680
1

681
0

682
0

683
0

684
1

685
1

686
0

687
0

688
1

689
1

690
1

691
0

692
1

693
1

694
0

695
0

696
1

697
1

698
0

699
1

700
0

701
0

702
0

703
0

704
0

705
0

706
0

707
0

708
1

709
1

710
1

711
1

712
1

713
1

714
1

715
1

716
0

717
0

718
1

719
0

720
0

721
0

722
1

723
0

724
0

725
1

726
0

727
1

728
1

729
0

730
1

731
0

732
1

733
1

734
0

735
0

736
0

737
0

738
1

739
1

740
0

741
1

742
1

743
0

744
0

745
0

746
0

747
0

748
0

749
1

750
0

751
1

752
1

753
0

754
0

755
0

756
0

757
0

758
1

759
1

760
1

761
1

762
1

763
0

764
1

765
1

766
0

767
1

768
1

769
0

770
1

771
0

772
0

773
1

774
0

775
0

776
0

777
1

778
0

779
1

780
0

781
1

782
1

783
1

784
1

785
1

786
1

787
1

788
1

789
1

790
0

791
1

792
1

793
1

794
1

795
1

796
1

797
1

798
1

799
0

800
1

801
1

802
1

803
0

804
1

805
0

806
0

807
1

808
0

809
1

810
0

811
1

812
1

813
0

814
1

815
1

816
0

817
0

818
1

819
0

820
0

821
0

822
0

823
1

824
1

825
1

826
1

827
0

828
1

829
0

830
1

831
0

832
1

833
0

834
0

835
1

836
0

837
0

838
1

839
0

840
0

841
0

842
0

843
1

844
0

845
0

846
0

847
1

848
0

849
0

850
1

851
0

852
1

853
1

854
1

855
0

856
1

857
0

858
0

859
0

860
1

861
1

862
1

863
1

864
0

865
1

866
0

867
0

868
1

869
0

870
1

871
0

872
0

873
0

874
1

875
0

876
0

877
0

878
1

879
1

880
0

881
1

882
0

883
0

884
1

885
1

886
1

887
0

888
1

889
1

890
0

891
1

892
1

893
0

894
1

895
0

896
1

897
0

898
0

899
0

900
1

901
0

902
1

903
0

904
0

905
0

906
1

907
0

908
1

909
1

910
1

911
0

912
1

913
1

914
0

915
1

916
1

917
0

918
0

919
1

920
0

921
0

922
0

923
0

924
0

925
1

926
0

927
1

928
1

929
0

930
1

931
1

932
1

933
1

934
0

935
0

936
0

937
0

938
0

939
1

940
0

941
0

942
1

943
1

944
0

945
0

946
0

947
1

948
0

949
1

950
1

951
1

952
0

953
0

954
0

955
1

956
1

957
0

958
1

959
0

960
1

961
1

962
1

963
0

964
0

965
0

966
1

967
1

968
1

969
0

970
1

971
1

972
0

973
0

974
1

975
1

976
0

977
0

978
0

979
1

980
0

981
1

982
0

983
1

984
0

985
1

986
0

987
0

988
1

989
1

990
0

991
0

992
0

993
0

994
1

995
1

996
0

997
0

998
1

999
0

