[PAT NO.  999]


[========]
[ Option ]
[========]

[ opt ] 0
[ sigmoid ] [ Zero        ]

[=======]
[ Input ]
[=======]

[ IMAGE #1 ]

[1]        0        1        2        3        4     [2]        0        1        2        3        4     [3]        0        1        2        3        4     
_________________________________________________    _________________________________________________    _________________________________________________    
 0|    0.137    1.312    0.332    0.048    0.186      0|   -0.158   -1.531    0.465    0.656   -0.033      0|    1.656   -0.127    1.438    0.053   -0.213     
 1|    0.766   -0.143    0.406    0.285   -0.316      1|   -0.060    0.250   -1.797    0.067   -0.594      1|   -0.067   -0.348   -1.344   -0.523    0.492     
 2|   -0.547    0.324   -0.344    0.090   -0.320      2|    1.328   -1.109    0.391   -0.168   -1.562      2|   -0.141    0.197   -0.234    0.041   -0.088     
 3|    0.135    0.040   -0.081    1.250   -0.186      3|   -1.672    0.418    0.492    0.297   -1.484      3|   -0.248    0.098   -0.406    0.158    0.162     
 4|   -0.336   -0.227   -0.254   -0.217    1.953      4|   -0.105    0.168   -0.773    0.160    0.371      4|   -0.038    0.539    0.049    0.496   -0.071     


[========]
[ Kernel ]
[========]

[channel 1]

[1]        0        1     [2]        0        1     [3]        0        1     
______________________    ______________________    ______________________    
 0|    0.166   -0.031      0|   -0.060   -1.516      0|    0.488   -0.164     
 1|   -0.703    1.641      1|   -0.594    0.057      1|    0.081   -0.266     

[channel 2]

[1]        0        1     [2]        0        1     [3]        0        1     
______________________    ______________________    ______________________    
 0|   -0.104   -0.383      0|   -0.664    0.118      0|   -0.047    0.035     
 1|    0.422   -0.449      1|   -0.234    0.033      1|   -0.160   -0.113     


[========]
[ Weight ]
[========]

[W]        0        1        2        3        4        5        6        7     
____________________________________________________________________________    
 1|   -0.488   -0.391    0.453   -0.555    1.688   -0.137    0.044    0.164     
 2|   -0.180    0.141    0.145   -0.045    0.340   -0.042   -1.594   -0.930     
 3|   -0.039    1.781   -0.422   -0.309   -0.086    0.117   -0.180    0.074     

