[PAT NO.  999]


[========]
[ Option ]
[========]

[ opt ] 0
[ sigmoid ] [ Zero        ]

[=========]
[ Padding ]
[=========]

[ IMAGE #1 ]

[1]        0        1        2        3        4        5        6     [2]        0        1        2        3        4        5        6     [3]        0        1        2        3        4        5        6     
___________________________________________________________________    ___________________________________________________________________    ___________________________________________________________________    
 0|    0.000    0.000    0.000    0.000    0.000    0.000    0.000      0|    0.000    0.000    0.000    0.000    0.000    0.000    0.000      0|    0.000    0.000    0.000    0.000    0.000    0.000    0.000     
 1|    0.000    0.137    1.312    0.332    0.048    0.186    0.000      1|    0.000   -0.158   -1.531    0.465    0.656   -0.033    0.000      1|    0.000    1.656   -0.127    1.438    0.053   -0.213    0.000     
 2|    0.000    0.766   -0.143    0.406    0.285   -0.316    0.000      2|    0.000   -0.060    0.250   -1.797    0.067   -0.594    0.000      2|    0.000   -0.067   -0.348   -1.344   -0.523    0.492    0.000     
 3|    0.000   -0.547    0.324   -0.344    0.090   -0.320    0.000      3|    0.000    1.328   -1.109    0.391   -0.168   -1.562    0.000      3|    0.000   -0.141    0.197   -0.234    0.041   -0.088    0.000     
 4|    0.000    0.135    0.040   -0.081    1.250   -0.186    0.000      4|    0.000   -1.672    0.418    0.492    0.297   -1.484    0.000      4|    0.000   -0.248    0.098   -0.406    0.158    0.162    0.000     
 5|    0.000   -0.336   -0.227   -0.254   -0.217    1.953    0.000      5|    0.000   -0.105    0.168   -0.773    0.160    0.371    0.000      5|    0.000   -0.038    0.539    0.049    0.496   -0.071    0.000     
 6|    0.000    0.000    0.000    0.000    0.000    0.000    0.000      6|    0.000    0.000    0.000    0.000    0.000    0.000    0.000      6|    0.000    0.000    0.000    0.000    0.000    0.000    0.000     


[=====================]
[ Convolution Partial ]
[=====================]

[ IMAGE #1 ]

[kernel channel 1]

[1]        0        1        2        3        4        5     [2]        0        1        2        3        4        5     [3]        0        1        2        3        4        5     
__________________________________________________________    __________________________________________________________    __________________________________________________________    
 0|    0.224    2.057   -0.378   -0.154    0.270   -0.130      0|   -0.009    0.006    0.936   -0.239   -0.392    0.019      0|   -0.440    0.168   -0.392    0.103    0.061   -0.017     
 1|    1.252   -0.791    0.974    0.236   -0.717    0.253      1|    0.236    2.380   -0.864    0.048   -0.064    0.355      1|   -0.254    0.916    0.031    0.723   -0.112   -0.064     
 2|   -0.921    1.048   -0.828    0.448   -0.531    0.173      2|    0.166   -1.227    3.389   -0.236    0.906    0.963      2|    0.048   -0.040    0.129   -0.600   -0.310    0.233     
 3|    0.238   -0.131   -0.096    2.048   -1.158    0.077      3|   -2.108    2.618   -0.745   -0.044    2.117    0.975      3|    0.089   -0.147    0.251   -0.196    0.004   -0.030     
 4|   -0.555   -0.114   -0.248   -0.230    3.570   -1.404      4|    2.528   -0.461   -0.915   -0.011    2.158   -0.131      4|    0.051   -0.283    0.145   -0.352    0.110    0.073     
 5|    0.010   -0.049   -0.030   -0.035   -0.097    0.324      5|    0.160   -0.248    1.162   -0.196   -0.572   -0.022      5|    0.006   -0.107    0.255   -0.058    0.254   -0.035     

[kernel channel 2]

[1]        0        1        2        3        4        5     [2]        0        1        2        3        4        5     [3]        0        1        2        3        4        5     
__________________________________________________________    __________________________________________________________    __________________________________________________________    
 0|   -0.061   -0.532    0.405    0.118   -0.063    0.078      0|   -0.005   -0.014    0.374   -0.087   -0.155    0.008      0|   -0.188   -0.251   -0.143   -0.236    0.016    0.034     
 1|   -0.396   -0.130   -0.506   -0.010    0.186   -0.153      1|   -0.021   -0.054    0.954    0.192   -0.475    0.161      1|    0.065   -0.033    0.264    0.208    0.018   -0.069     
 2|   -0.047   -0.401    0.150   -0.337    0.273   -0.102      2|    0.037   -0.279   -0.105    1.104   -0.127    0.760      2|    0.014   -0.009   -0.035    0.078    0.045   -0.009     
 3|    0.149   -0.028    0.151   -0.595    0.724   -0.045      3|    0.101   -0.607    0.701   -0.385   -0.192    1.385      3|    0.023    0.042    0.013    0.060   -0.049   -0.022     
 4|    0.099   -0.069    0.045   -0.480   -1.027    0.843      4|   -0.201    1.190   -0.284   -0.105   -0.398    0.899      4|   -0.004   -0.040   -0.111   -0.039   -0.073    0.004     
 5|    0.129    0.122    0.121    0.109   -0.725   -0.202      5|   -0.012    0.090   -0.203    0.533   -0.063   -0.246      5|   -0.001    0.020   -0.024    0.015   -0.026    0.003     


[=================]
[ Convolution Sum ]
[=================]

[ IMAGE #1 ]

[kernel channel 1]

[1]        0        1        2        3        4        5     
__________________________________________________________    
 0|   -0.225    2.232    0.165   -0.290   -0.060   -0.128 
 1|    1.234    2.506    0.142    1.007   -0.894    0.544 
 2|   -0.707   -0.219    2.690   -0.388    0.065    1.369 
 3|   -1.781    2.340   -0.591    1.808    0.963    1.023 
 4|    2.023   -0.859   -1.018   -0.593    5.838   -1.462 
 5|    0.177   -0.404    1.388   -0.289   -0.415    0.267 

[kernel channel 2]

[1]        0        1        2        3        4        5     
__________________________________________________________    
 0|   -0.254   -0.797    0.636   -0.205   -0.202    0.120 
 1|   -0.352   -0.216    0.712    0.391   -0.271   -0.061 
 2|    0.003   -0.689    0.010    0.846    0.191    0.649 
 3|    0.273   -0.594    0.865   -0.920    0.483    1.319 
 4|   -0.106    1.081   -0.350   -0.624   -1.498    1.746 
 5|    0.115    0.232   -0.106    0.657   -0.814   -0.445 


[=============]
[ Max pooling ]
[=============]

[ IMAGE #1 ]

[kernel channel 1]

[1]        0        1     
______________________    
 0|    2.690    1.369 
 1|    2.340    5.838 

[kernel channel 2]

[1]        0        1     
______________________    
 0|    0.712    0.846 
 1|    1.081    1.746 


[============]
[ Activation ]
[============]

[ IMAGE #1 ]

[kernel channel 1]

[1]        0        1     
______________________    
 0|    0.936    0.797 
 1|    0.912    0.997 

[kernel channel 2]

[1]        0        1     
______________________    
 0|    0.671    0.700 
 1|    0.747    0.851 


[===============]
[ Fully Connect ]
[===============]

[W]        0        1        2     
_______________________________    
 1|    0.300   -1.752    0.644     


[=========]
[ Softmax ]
[=========]

[W]        0        1        2     
_______________________________    
 1|    0.394    0.051    0.556     


[============]
[ Probabilty ]
[============]

[W]        0        1        2     
_______________________________    
 1|    0.394    0.051    0.556     


[============]
[ Error Check]
[============]

[Is Error or not] : 0
[Output]

 0|    0.3386676    0.5490038    0.1123286 

[Error rate flag] : 
[Formula] : |gold - ans| / gold < 0.00500000

 1|    0.0000000    0.0000000    0.0000000 

[Error rate] : |gold - ans|

 2|    0.0000000    0.0000000    0.0000000 

[Error rate] : gold * 0.00500000

 3|    0.0016933    0.0027450    0.0005616 

[Error flag] : 
[Formula] : |float(ans) - float(gold)| < 0.00010000

 4|    0.0000000    0.0000000    0.0000000 


